^C# Histogram
000000 000000	000000	000000	000000
000001 000000	000000	000000	000000
000002 000000	000000	000000	000000
000003 000000	000000	000000	000000
000004 000000	000000	000000	000000
000005 000004	000000	000000	000000
000006 000913	001311	001615	001857
000007 000965	001462	000818	001145
000008 002016	000914	002022	001766
000009 000444	000428	000265	000109
000010 000151	000192	000109	000025
000011 000054	000120	000064	000012
000012 000186	000187	000498	000525
000013 006268	006925	005905	006591
000014 001158	003605	001954	001477
000015 002127	003364	002630	005416
000016 010054	004696	010255	006988
000017 002446	002048	001600	002329
000018 000799	001361	000861	000661
000019 000282	000499	000394	000240
000020 000124	000188	000130	000060
000021 000069	000141	000056	000021
000022 000049	000164	000016	000010
000023 000032	000119	000012	000018
000024 000033	000095	000011	000007
000025 000025	000093	000009	000009
000026 000027	000064	000003	000008
000027 000021	000066	000005	000011
000028 000022	000049	000007	000014
000029 000020	000047	000012	000010
000030 000017	000047	000027	000003
000031 000029	000036	000023	000008
000032 000016	000041	000019	000008
000033 000012	000039	000009	000004
000034 000013	000026	000004	000003
000035 000023	000024	000002	000005
000036 000044	000029	000001	000003
000037 000049	000035	000002	000001
000038 000057	000029	000003	000003
000039 000064	000033	000003	000005
000040 000074	000037	000003	000002
000041 000093	000031	000003	000004
000042 000072	000019	000003	000004
000043 000096	000029	000005	000005
000044 000067	000026	000002	000002
000045 000044	000042	000004	000004
000046 000044	000042	000001	000001
000047 000043	000045	000003	000002
000048 000028	000048	000000	000002
000049 000018	000028	000003	000000
000050 000022	000026	000001	000001
000051 000011	000024	000001	000001
000052 000015	000027	000000	000000
000053 000007	000012	000002	000000
000054 000008	000017	000002	000000
000055 000007	000024	000001	000000
000056 000008	000030	000000	000001
000057 000004	000034	000000	000000
000058 000007	000015	000000	000000
000059 000006	000012	000000	000000
000060 000004	000007	000001	000000
000061 000001	000010	000000	000000
000062 000001	000006	000000	000000
000063 000005	000010	000000	000000
000064 000004	000008	000000	000000
000065 000004	000005	000000	000000
000066 000001	000005	000000	000000
000067 000001	000009	000000	000000
000068 000002	000011	000000	000000
000069 000002	000008	000000	000000
000070 000004	000008	000001	000000
000071 000001	000002	000000	000000
000072 000002	000003	000000	000000
000073 000000	000006	000000	000000
000074 000002	000005	000000	000000
000075 000001	000005	000000	000000
000076 000001	000007	000000	000000
000077 000000	000002	000000	000000
000078 000006	000002	000000	000000
000079 000003	000007	000000	000000
000080 000004	000006	000000	000000
000081 000002	000007	000000	000000
000082 000001	000006	000000	000000
000083 000002	000003	000000	000000
000084 000003	000005	000000	000000
000085 000002	000006	000000	000000
000086 000000	000005	000000	000000
000087 000002	000004	000000	000000
000088 000002	000006	000000	000000
000089 000002	000005	000001	000000
000090 000000	000008	000000	000000
000091 000002	000005	000000	000000
000092 000003	000007	000000	000000
000093 000000	000001	000000	000000
000094 000001	000002	000000	000000
000095 000002	000002	000000	000000
000096 000001	000003	000000	000000
000097 000001	000000	000000	000000
000098 000000	000002	000000	000000
000099 000002	000003	000000	000000
000100 000001	000005	000000	000000
000101 000001	000004	000000	000000
000102 000002	000002	000000	000000
000103 000003	000000	000000	000000
000104 000002	000001	000000	000000
000105 000000	000003	000000	000000
000106 000001	000000	000000	000000
000107 000001	000002	000000	000000
000108 000000	000002	000000	000000
000109 000001	000002	000000	000000
000110 000002	000001	000000	000000
000111 000000	000003	000000	000000
000112 000000	000004	000000	000000
000113 000000	000001	000000	000000
000114 000000	000003	000000	000000
000115 000000	000002	000000	000000
000116 000001	000001	000000	000000
000117 000000	000001	000000	000000
000118 000000	000005	000000	000000
000119 000001	000002	000000	000000
000120 000000	000002	000000	000000
000121 000000	000002	000000	000000
000122 000001	000004	000000	000000
000123 000000	000001	000000	000000
000124 000000	000000	000000	000000
000125 000000	000000	000000	000000
000126 000000	000003	000000	000000
000127 000000	000001	000000	000000
000128 000000	000000	000000	000000
000129 000000	000005	000000	000000
000130 000000	000002	000000	000000
000131 000000	000002	000000	000000
000132 000000	000001	000000	000000
000133 000000	000002	000000	000000
000134 000000	000001	000000	000000
000135 000000	000002	000000	000000
000136 000000	000001	000000	000000
000137 000000	000002	000000	000000
000138 000000	000000	000000	000000
000139 000000	000003	000000	000000
000140 000000	000002	000000	000000
000141 000000	000002	000000	000000
000142 000000	000000	000000	000000
000143 000000	000000	000000	000000
000144 000000	000002	000000	000000
000145 000000	000000	000000	000000
000146 000000	000004	000000	000000
000147 000000	000001	000000	000000
000148 000000	000002	000000	000000
000149 000000	000004	000000	000000
000150 000000	000002	000000	000000
000151 000000	000001	000000	000000
000152 000000	000000	000000	000000
000153 000000	000000	000000	000000
000154 000000	000001	000000	000000
000155 000000	000000	000000	000000
000156 000000	000001	000000	000000
000157 000000	000001	000000	000000
000158 000000	000000	000000	000000
000159 000000	000000	000000	000000
000160 000000	000000	000000	000000
000161 000000	000002	000000	000000
000162 000000	000000	000000	000000
000163 000000	000001	000000	000000
000164 000000	000002	000000	000000
000165 000000	000001	000000	000000
000166 000000	000001	000000	000000
000167 000000	000000	000000	000000
000168 000000	000000	000000	000000
000169 000000	000001	000000	000000
000170 000000	000001	000000	000000
000171 000000	000000	000000	000000
000172 000000	000000	000000	000000
000173 000000	000001	000000	000000
000174 000000	000000	000000	000000
000175 000000	000000	000000	000000
000176 000000	000000	000000	000000
000177 000000	000001	000000	000000
000178 000000	000000	000000	000000
000179 000000	000000	000000	000000
000180 000000	000001	000000	000000
000181 000000	000000	000000	000000
000182 000000	000001	000000	000000
000183 000000	000000	000000	000000
000184 000000	000002	000000	000000
000185 000000	000001	000000	000000
000186 000000	000000	000000	000000
000187 000000	000000	000000	000000
000188 000000	000000	000000	000000
000189 000000	000000	000000	000000
000190 000000	000000	000000	000000
000191 000000	000001	000000	000000
000192 000000	000000	000000	000000
000193 000000	000000	000000	000000
000194 000000	000000	000000	000000
000195 000000	000000	000000	000000
000196 000000	000001	000000	000000
000197 000000	000001	000000	000000
000198 000000	000000	000000	000000
000199 000000	000001	000000	000000
000200 000000	000001	000000	000000
000201 000000	000000	000000	000000
000202 000000	000000	000000	000000
000203 000000	000000	000000	000000
000204 000000	000000	000000	000000
000205 000000	000000	000000	000000
000206 000000	000000	000000	000000
000207 000000	000000	000000	000000
000208 000000	000000	000000	000000
000209 000000	000000	000000	000000
000210 000000	000000	000000	000000
000211 000000	000000	000000	000000
000212 000000	000001	000000	000000
000213 000000	000000	000000	000000
000214 000000	000000	000000	000000
000215 000000	000000	000000	000000
000216 000000	000000	000000	000000
000217 000000	000000	000000	000000
000218 000000	000000	000000	000000
000219 000000	000000	000000	000000
000220 000000	000000	000000	000000
000221 000000	000000	000000	000000
000222 000000	000000	000000	000000
000223 000000	000000	000000	000000
000224 000000	000000	000000	000000
000225 000000	000000	000000	000000
000226 000000	000000	000000	000000
000227 000000	000000	000000	000000
000228 000000	000000	000000	000000
000229 000000	000001	000000	000000
000230 000000	000000	000000	000000
000231 000000	000000	000000	000000
000232 000000	000000	000000	000000
000233 000000	000000	000000	000000
000234 000000	000000	000000	000000
000235 000000	000000	000000	000000
000236 000000	000000	000000	000000
000237 000000	000000	000000	000000
000238 000000	000000	000000	000000
000239 000000	000000	000000	000000
000240 000000	000000	000000	000000
000241 000000	000000	000000	000000
000242 000000	000000	000000	000000
000243 000000	000000	000000	000000
000244 000000	000000	000000	000000
000245 000000	000000	000000	000000
000246 000000	000000	000000	000000
000247 000000	000000	000000	000000
000248 000000	000000	000000	000000
000249 000000	000000	000000	000000
000250 000000	000000	000000	000000
000251 000000	000000	000000	000000
000252 000000	000000	000000	000000
000253 000000	000000	000000	000000
000254 000000	000000	000000	000000
000255 000000	000000	000000	000000
000256 000000	000000	000000	000000
000257 000000	000000	000000	000000
000258 000000	000000	000000	000000
000259 000000	000000	000000	000000
000260 000000	000000	000000	000000
000261 000000	000000	000000	000000
000262 000000	000000	000000	000000
000263 000000	000000	000000	000000
000264 000000	000000	000000	000000
000265 000000	000000	000000	000000
000266 000000	000000	000000	000000
000267 000000	000000	000000	000000
000268 000000	000000	000000	000000
000269 000000	000000	000000	000000
000270 000000	000000	000000	000000
000271 000000	000000	000000	000000
000272 000000	000000	000000	000000
000273 000000	000000	000000	000000
000274 000000	000000	000000	000000
000275 000000	000000	000000	000000
000276 000000	000000	000000	000000
000277 000000	000000	000000	000000
000278 000000	000000	000000	000000
000279 000000	000000	000000	000000
000280 000000	000000	000000	000000
000281 000000	000000	000000	000000
000282 000000	000000	000000	000000
000283 000000	000000	000000	000000
000284 000000	000000	000000	000000
000285 000000	000000	000000	000000
000286 000000	000000	000000	000000
000287 000000	000000	000000	000000
000288 000000	000000	000000	000000
000289 000000	000000	000000	000000
000290 000000	000000	000000	000000
000291 000000	000000	000000	000000
000292 000000	000000	000000	000000
000293 000000	000000	000000	000000
000294 000000	000000	000000	000000
000295 000000	000000	000000	000000
000296 000000	000000	000000	000000
000297 000000	000000	000000	000000
000298 000000	000000	000000	000000
000299 000000	000000	000000	000000
000300 000000	000000	000000	000000
000301 000000	000000	000000	000000
000302 000000	000000	000000	000000
000303 000000	000000	000000	000000
000304 000000	000000	000000	000000
000305 000000	000000	000000	000000
000306 000000	000000	000000	000000
000307 000000	000000	000000	000000
000308 000000	000000	000000	000000
000309 000000	000000	000000	000000
000310 000000	000000	000000	000000
000311 000000	000000	000000	000000
000312 000000	000000	000000	000000
000313 000000	000000	000000	000000
000314 000000	000000	000000	000000
000315 000000	000000	000000	000000
000316 000000	000000	000000	000000
000317 000000	000000	000000	000000
000318 000000	000000	000000	000000
000319 000000	000000	000000	000000
000320 000000	000000	000000	000000
000321 000000	000000	000000	000000
000322 000000	000000	000000	000000
000323 000000	000000	000000	000000
000324 000000	000000	000000	000000
000325 000000	000000	000000	000000
000326 000000	000000	000000	000000
000327 000000	000000	000000	000000
000328 000000	000000	000000	000000
000329 000000	000000	000000	000000
000330 000000	000000	000000	000000
000331 000000	000000	000000	000000
000332 000000	000000	000000	000000
000333 000000	000000	000000	000000
000334 000000	000000	000000	000000
000335 000000	000000	000000	000000
000336 000000	000000	000000	000000
000337 000000	000000	000000	000000
000338 000000	000000	000000	000000
000339 000000	000000	000000	000000
000340 000000	000000	000000	000000
000341 000000	000000	000000	000000
000342 000000	000000	000000	000000
000343 000000	000000	000000	000000
000344 000000	000000	000000	000000
000345 000000	000000	000000	000000
000346 000000	000000	000000	000000
000347 000000	000000	000000	000000
000348 000000	000000	000000	000000
000349 000000	000000	000000	000000
000350 000000	000000	000000	000000
000351 000000	000000	000000	000000
000352 000000	000000	000000	000000
000353 000000	000000	000000	000000
000354 000000	000000	000000	000000
000355 000000	000000	000000	000000
000356 000000	000000	000000	000000
000357 000000	000000	000000	000000
000358 000000	000000	000000	000000
000359 000000	000000	000000	000000
000360 000000	000000	000000	000000
000361 000000	000000	000000	000000
000362 000000	000000	000000	000000
000363 000000	000000	000000	000000
000364 000000	000000	000000	000000
000365 000000	000000	000000	000000
000366 000000	000000	000000	000000
000367 000000	000000	000000	000000
000368 000000	000000	000000	000000
000369 000000	000000	000000	000000
000370 000000	000000	000000	000000
000371 000000	000000	000000	000000
000372 000000	000000	000000	000000
000373 000000	000000	000000	000000
000374 000000	000000	000000	000000
000375 000000	000000	000000	000000
000376 000000	000000	000000	000000
000377 000000	000000	000000	000000
000378 000000	000000	000000	000000
000379 000000	000000	000000	000000
000380 000000	000000	000000	000000
000381 000000	000000	000000	000000
000382 000000	000000	000000	000000
000383 000000	000000	000000	000000
000384 000000	000000	000000	000000
000385 000000	000000	000000	000000
000386 000000	000000	000000	000000
000387 000000	000000	000000	000000
000388 000000	000000	000000	000000
000389 000000	000000	000000	000000
000390 000000	000000	000000	000000
000391 000000	000000	000000	000000
000392 000000	000000	000000	000000
000393 000000	000000	000000	000000
000394 000000	000000	000000	000000
000395 000000	000000	000000	000000
000396 000000	000000	000000	000000
000397 000000	000000	000000	000000
000398 000000	000000	000000	000000
000399 000000	000000	000000	000000
000400 000000	000000	000000	000000
000401 000000	000000	000000	000000
000402 000000	000000	000000	000000
000403 000000	000000	000000	000000
000404 000000	000000	000000	000000
000405 000000	000000	000000	000000
000406 000000	000000	000000	000000
000407 000000	000000	000000	000000
000408 000000	000000	000000	000000
000409 000000	000000	000000	000000
000410 000000	000000	000000	000000
000411 000000	000000	000000	000000
000412 000000	000000	000000	000000
000413 000000	000000	000000	000000
000414 000000	000000	000000	000000
000415 000000	000000	000000	000000
000416 000000	000000	000000	000000
000417 000000	000000	000000	000000
000418 000000	000000	000000	000000
000419 000000	000000	000000	000000
000420 000000	000000	000000	000000
000421 000000	000000	000000	000000
000422 000000	000000	000000	000000
000423 000000	000000	000000	000000
000424 000000	000000	000000	000000
000425 000000	000000	000000	000000
000426 000000	000000	000000	000000
000427 000000	000000	000000	000000
000428 000000	000000	000000	000000
000429 000000	000000	000000	000000
000430 000000	000000	000000	000000
000431 000000	000000	000000	000000
000432 000000	000000	000000	000000
000433 000000	000000	000000	000000
000434 000000	000000	000000	000000
000435 000000	000000	000000	000000
000436 000000	000000	000000	000000
000437 000000	000000	000000	000000
000438 000000	000000	000000	000000
000439 000000	000000	000000	000000
000440 000000	000000	000000	000000
000441 000000	000000	000000	000000
000442 000000	000000	000000	000000
000443 000000	000000	000000	000000
000444 000000	000000	000000	000000
000445 000000	000000	000000	000000
000446 000000	000000	000000	000000
000447 000000	000000	000000	000000
000448 000000	000000	000000	000000
000449 000000	000000	000000	000000
000450 000000	000000	000000	000000
000451 000000	000000	000000	000000
000452 000000	000000	000000	000000
000453 000000	000000	000000	000000
000454 000000	000000	000000	000000
000455 000000	000000	000000	000000
000456 000000	000000	000000	000000
000457 000000	000000	000000	000000
000458 000000	000000	000000	000000
000459 000000	000000	000000	000000
000460 000000	000000	000000	000000
000461 000000	000000	000000	000000
000462 000000	000000	000000	000000
000463 000000	000000	000000	000000
000464 000000	000000	000000	000000
000465 000000	000000	000000	000000
000466 000000	000000	000000	000000
000467 000000	000000	000000	000000
000468 000000	000000	000000	000000
000469 000000	000000	000000	000000
000470 000000	000000	000000	000000
000471 000000	000000	000000	000000
000472 000000	000000	000000	000000
000473 000000	000000	000000	000000
000474 000000	000000	000000	000000
000475 000000	000000	000000	000000
000476 000000	000000	000000	000000
000477 000000	000000	000000	000000
000478 000000	000000	000000	000000
000479 000000	000000	000000	000000
000480 000000	000000	000000	000000
000481 000000	000000	000000	000000
000482 000000	000000	000000	000000
000483 000000	000000	000000	000000
000484 000000	000000	000000	000000
000485 000000	000000	000000	000000
000486 000000	000000	000000	000000
000487 000000	000000	000000	000000
000488 000000	000000	000000	000000
000489 000000	000000	000000	000000
000490 000000	000000	000000	000000
000491 000000	000000	000000	000000
000492 000000	000000	000000	000000
000493 000000	000000	000000	000000
000494 000000	000000	000000	000000
000495 000000	000000	000000	000000
000496 000000	000000	000000	000000
000497 000000	000000	000000	000000
000498 000000	000000	000000	000000
000499 000000	000000	000000	000000
# Total: 000029381 000029381 000029381 000029381
# Min Latencies: 00005 00006 00006 00006
# Avg Latencies: 00015 00015 00013 00013
# Max Latencies: 00122 00229 00089 00056
# Histogram Overflows: 00000 00000 00000 00000
# Histogram Overflow at cycle number:
# Thread 0:
# Thread 1:
# Thread 2:
# Thread 3:

[1]+  Done                    sudo perf_4.18 stat ./sort_v1

real	0m29.588s
user	0m0.734s
sys	0m2.038s
